4294967279,63
4294967279,62
4294967279,61
4294967293,131
4294967293,130
4294967293,129
4294967293,128
4294967293,127
4294967293,126
4294967293,125
4294967293,124
4294967293,123
4294967293,122
4294967293,121
4294967293,120
4294967293,119
4294967293,118
4294967293,117
4294967293,116
4294967293,115
4294967293,114
4294967293,113
4294967293,112
4294967293,111
4294967293,110
4294967293,109
4294967293,108
4294967293,107
4294967293,106
4294967293,105
4294967293,104
4294967293,103
4294967293,102
4294967293,101
4294967293,100
4294967293,99
4294967293,98
4294967293,97
4294967293,96
4294967293,95
4294967293,94
4294967293,93
4294967293,92
4294967293,91
4294967293,90
4294967293,89
4294967293,87
4294967293,86
4294967293,85
4294967293,84
4294967293,83
4294967293,82
4294967293,81
4294967293,80
4294967293,79
4294967293,78
4294967293,77
4294967293,76
4294967293,75
4294967293,74
4294967293,73
4294967293,72
4294967293,71
4294967293,70
4294967293,69
4294967293,68
4294967293,67
4294967293,66
4294967293,65
4294967293,64
4294967293,63
4294967293,62
4294967293,61
4294967293,60
4294967293,59
4294967293,58
4294967293,57
4294967293,56
4294967293,55
4294967293,54
4294967293,53
4294967293,52
4294967293,51
4294967293,50
4294967293,49
4294967293,48
4294967293,47
4294967293,46
4294967293,45
4294967293,44
4294967293,43
4294967293,42
4294967293,41
4294967293,40
4294967293,39
4294967293,38
4294967293,37
4294967293,36
4294967293,35
4294967293,34
4294967293,33
4294967293,32
4294967293,31
4294967293,30
4294967293,29
4294967293,28
4294967293,27
4294967293,26
4294967293,25
4294967293,24
4294967293,23
4294967293,22
4294967293,21
4294967293,20
4294967293,19
4294967293,18
4294967293,17
4294967293,16
4294967293,15
4294967293,14
4294967293,13
4294967293,12
4294967293,11
4294967293,10
4294967293,9
4294967293,8
4294967293,7
4294967293,6
4294967293,5
4294967293,4
4294967293,3
4294967278,132
4294967278,130
4294967278,129
4294967278,255
4294967278,126
4294967278,125
4294967278,124
4294967278,120
4294967278,114
4294967278,233
4294967278,111
4294967278,99
4294967278,98
4294967278,89
4294967278,87
4294967278,86
4294967278,85
4294967278,400
4294967278,82
4294967278,78
4294967278,77
4294967278,73
4294967278,67
4294967278,409
4294967278,63
4294967278,62
4294967278,407
4294967278,332
4294967278,61
4294967278,331
4294967278,60
4294967278,58
4294967278,402
4294967278,57
4294967278,56
4294967278,55
4294967278,325
4294967278,54
4294967278,52
4294967278,51
4294967278,50
4294967278,319
4294967278,48
4294967278,47
4294967278,313
4294967278,42
4294967278,41
4294967278,37
4294967278,36
4294967278,32
4294967278,31
4294967278,27
4294967278,26
4294967278,22
4294967278,21
4294967278,20
4294967278,17
4294967278,16
4294967278,15
4294967278,11
4294967278,262
4294967278,9
4294967278,6
4294967278,347
4294967278,174
4294967278,0
4294967278,260
4294967279,132
4294967279,130
4294967279,126
4294967279,125
4294967279,471
4294967279,120
4294967279,410
4294967279,233
4294967279,111
4294967279,0
4294967279,470
4294967279,110
4294967279,469
4294967279,221
4294967279,105
4294967279,104
4294967279,2
4294967279,100
4294967279,99
4294967279,98
4294967279,97
4294967279,96
4294967279,95
4294967279,94
4294967279,93
4294967279,91
4294967279,90
4294967279,89
4294967279,87
4294967279,86
4294967279,85
4294967279,463
4294967279,395
4294967279,394
4294967279,60
4294967279,59
4294967279,58
4294967279,56
4294967279,55
4294967279,388
4294967279,54
4294967279,52
4294967279,51
4294967279,49
4294967279,318
4294967279,48
4294967279,317
4294967279,47
4294967279,468
4294967279,46
4294967279,45
4294967279,44
4294967279,43
4294967279,313
4294967279,42
4294967279,41
4294967279,40
4294967279,39
4294967279,464
4294967279,38
4294967279,308
4294967279,37
4294967279,36
4294967279,35
4294967279,34
4294967279,33
4294967279,32
4294967279,31
4294967279,30
4294967279,29
4294967279,28
4294967279,27
4294967279,138
4294967279,26
4294967279,25
4294967279,24
4294967279,23
4294967279,22
4294967279,21
4294967279,16
4294967279,88
4294967279,174
4294967279,260
4294967279,12
4294967279,11
4294967279,7
4294967279,6
4294967294,5
4294967294,1567
4294967294,1566
4294967294,1565
4294967294,1563
4294967294,1564
4294967294,1562
4294967294,1438
4294967294,1022
4294967294,479
4294967294,1432
4294967294,203
4294967294,214
4294967294,1430
4294967294,99
4294967279,465
4294967278,308
4294967278,303
4294967278,284
4294967278,267
4294967294,1675
4294967294,1440
4294967294,129
4294967294,1673
4294967294,1428
4294967294,1677
4294967294,24
4294967294,2
4294967294,490
4294967294,1133
4294967294,92
4294967294,91
4294967294,90
4294967294,88
4294967294,87
4294967294,86
4294967294,85
4294967294,84
4294967294,82
4294967294,83
4294967294,53
4294967294,107
4294967294,936
4294967294,935
4294967294,933
4294967294,931
4294967294,929
4294967294,669
4294967294,926
4294967294,925
4294967294,921
4294967294,919
4294967294,918
4294967294,917
4294967294,916
4294967294,915
4294967294,914
4294967294,912
4294967294,908
4294967294,1
4294967294,906
4294967294,903
4294967294,900
4294967294,898
4294967294,896
4294967294,895
4294967294,1425
4294967294,891
4294967294,665
4294967294,889
4294967294,888
4294967294,493
4294967294,884
4294967294,882
4294967294,874
4294967294,873
4294967294,872
4294967294,26
4294967294,869
4294967294,864
4294967294,29
4294967294,1312
4294967294,858
4294967294,857
4294967294,856
4294967294,25
4294967294,28
4294967294,27
4294967294,852
4294967294,662
4294967294,850
4294967294,849
4294967294,846
4294967294,845
4294967294,843
4294967294,841
4294967294,836
4294967294,835
4294967294,833
4294967294,1434
4294967294,832
4294967294,1672
4294967294,830
4294967294,826
4294967294,824
4294967294,822
4294967294,821
4294967294,820
4294967294,818
4294967294,817
4294967294,813
4294967294,812
4294967294,810
4294967294,809
4294967294,807
4294967294,806
4294967294,805
4294967294,804
4294967294,802
4294967294,801
4294967294,800
4294967294,799
4294967294,798
4294967294,797
4294967294,795
4294967294,794
4294967294,791
4294967294,789
4294967294,787
4294967294,786
4294967294,785
4294967294,784
4294967294,667
4294967294,783
4294967294,657
4294967294,780
4294967294,777
4294967294,775
4294967294,773
4294967294,771
4294967294,655
4294967294,770
4294967294,766
4294967294,765
4294967294,763
4294967294,762
4294967294,761
4294967294,759
4294967294,758
4294967294,756
4294967294,752
4294967294,751
4294967294,749
4294967294,747
4294967294,746
4294967294,744
4294967294,743
4294967294,742
4294967294,187
4294967294,740
4294967294,650
4294967294,739
4294967294,737
4294967294,734
4294967294,725
4294967294,722
4294967294,1006
4294967294,719
4294967294,718
4294967294,715
4294967294,712
4294967294,710
4294967294,709
4294967294,645
4294967294,707
4294967294,706
4294967294,639
4294967294,426
4294967294,634
4294967294,626
4294967294,624
4294967294,623
4294967294,620
4294967294,618
4294967294,617
4294967294,616
4294967294,615
4294967294,614
1,3
1,0
4294967294,429
4294967294,612
4294967294,611
4294967294,1611
4294967294,610
4294967294,1557
4294967294,641
4294967294,604
4294967294,603
4294967294,602
4294967294,600
4294967294,595
4294967294,594
4294967294,592
4294967294,591
4294967294,661
4294967294,589
4294967294,587
4294967294,583
4294967294,582
4294967294,580
4294967294,579
4294967294,578
4294967294,577
4294967294,576
4294967294,1558
4294967294,571
4294967294,569
4294967294,568
4294967294,566
4294967294,565
4294967294,562
4294967294,560
4294967294,559
4294967294,558
4294967294,556
4294967294,1614
4294967294,552
4294967294,0
4294967294,656
4294967294,642
4294967294,563
4294967294,547
4294967294,546
4294967294,653
4294967294,644
4294967294,646
4294967294,1556
4294967294,664
4294967294,540
4294967294,643
4294967294,663
4294967294,70
4294967294,72
4294967294,649
4294967294,71
4294967294,1555
4294967294,1418
4294967294,1669
4294967278,249
4294967279,219
4294967278,401
4294967278,399
4294967278,398
4294967294,685
4294967294,1554
4294967294,1553
4294967294,1552
4294967294,1551
4294967294,1549
4294967294,1550
4294967294,1666
4294967294,1667
4294967294,1547
4294967294,1546
4294967294,1545
4294967294,1544
4294967294,1606
4294967294,1664
4294967294,395
4294967294,415
4294967294,1423
4294967294,1665
4294967294,1604
4294967294,1424
4294967294,1615
4294967294,960
4294967294,1624
4294967294,1135
4294967294,1602
4294967294,455
4294967294,1433
4294967294,1463
4294967294,1435
4294967294,1465
4294967294,1618
4294967294,1619
4294967294,1622
4294967294,1616
4294967294,1620
4294967294,444
4294967294,1610
4294967294,1612
4294967294,454
4294967294,179
4294967294,1445
4294967294,1446
4294967294,514
4294967294,1468
4294967294,1458
4294967294,1469
4294967294,1131
4294967294,1601
4294967294,424
4294967294,392
4294967294,1471
4294967294,1459
4294967294,1466
4294967294,1470
4294967294,537
4294967294,1621
4294967294,1454
4294967294,443
4294967294,1455
4294967294,370
4294967294,369
4294967294,368
4294967294,367
4294967294,366
4294967294,364
4294967294,365
4294967294,363
4294967294,362
4294967294,361
4294967294,360
4294967294,359
4294967294,358
4294967294,357
4294967294,356
4294967294,355
4294967294,354
4294967294,7
4294967294,6
4294967294,1671
4294967294,1002
4294967294,536
4294967294,529
4294967294,8
4294967294,3
4294967294,205
4294967294,204
4294967294,202
4294967294,201
4294967278,397
4294967279,134
4294967278,274
4294967279,261
4294967279,461
4294967278,395
4294967279,460
4294967278,394
4294967279,459
4294967279,458
4294967279,457
4294967279,462
4294967279,456
4294967279,289
4294967278,396
4294967278,283
4294967278,256
4294967294,158
4294967294,978
4294967294,452
4294967294,524
4294967294,418
4294967294,449
4294967294,398
4294967294,453
4294967294,450
4294967294,191
4294967294,421
4294967294,420
4294967294,410
4294967294,404
